MEME version 4
ALPHABET= ACGT
strands: + -
Background letter frequencies
A 0.31 C 0.19 G 0.19 T 0.31

MOTIF Leu3_781 Leu3
letter-probability matrix: alength= 4 w= 10 nsites= 10 E= 1.0e-006
0.022313853 0.657563293 0.295462233 0.024660621
0.006604446 0.980186662 0.006604446 0.006604446
0.022796153 0.004451577 0.660672621 0.312079649
0.17203801 0.232227024 0.395855314 0.199879652
0.224192352 0.166085779 0.142951355 0.466770514
0.466770514 0.142951355 0.166085779 0.224192352
0.199879652 0.395855314 0.232227024 0.17203801
0.312079649 0.660672621 0.004451577 0.022796153
0.006604446 0.006604446 0.980186662 0.006604446
0.024660621 0.295462233 0.657563293 0.022313853

MOTIF Sdd4_588 Sdd4
letter-probability matrix: alength= 4 w= 7 nsites= 7 E= 1.0e-006
0.146245 0.656126 0.0 0.197628
0.0 1.0 0.0 0.0
0.0 1.0 0.0 0.0
0.0 1.0 0.0 0.0
1.0 0.0 0.0 0.0
0.0 1.0 0.0 0.0
0.225296 0.256917 0.339921 0.177866

MOTIF Rgt1_2227 Rgt1
letter-probability matrix: alength= 4 w= 10 nsites= 10 E= 1.0e-006
0.0653141368034491 0.828161764411766 0.0392208503844107 0.0673032484003744
0.00013135763531302 0.0167796755441376 0.98256683314216 0.000522133678389585
0.00340966729710104 0.053872207800016 0.940691007633014 0.00202711726986856
0.809723752359714 0.0419590080563168 0.109584193369015 0.0387330462149546
0.493524158891291 0.0452214626651205 0.11347378168445 0.347780596759139
0.377491215273304 0.1951068383729 0.118338279392761 0.309063666961035
0.785797070935102 0.0251963358110887 0.0188535001239128 0.170153093129896
0.594755471054732 0.00848373115778174 0.0287359901129794 0.368024807674506
0.18128264297791 0.365058413114169 0.066026579239443 0.387632364668479
0.242460829452321 0.210785318846001 0.118018355717843 0.428735495983834
