# IUPred2A: context-dependent prediction of protein disorder as a function of redox state and protein binding
# Balint Meszaros, Gabor Erdos, Zsuzsanna Dosztanyi
# Nucleic Acids Research 2018, Submitted
# POS	AMINO ACID	IUPRED SCORE	ANCHOR SCORE
1	M	0.6991	0.8372
2	N	0.7080	0.8145
3	E	0.7163	0.7945
4	L	0.7209	0.7733
5	N	0.7209	0.7260
6	T	0.7250	0.6882
7	V	0.7415	0.6366
8	S	0.7459	0.5202
9	T	0.7459	0.4045
10	N	0.7459	0.3111
11	S	0.7459	0.2436
12	S	0.7547	0.1809
13	D	0.7459	0.1492
14	S	0.7755	0.1061
15	T	0.8162	0.4224
16	K	0.8085	0.3916
17	N	0.8125	0.3825
18	G	0.8343	0.3716
19	G	0.8343	0.3966
20	T	0.8279	0.0665
21	S	0.8125	0.0923
22	N	0.8013	0.1237
23	S	0.7951	0.1713
24	P	0.7951	0.2276
25	D	0.8085	0.2896
26	D	0.8050	0.3906
27	M	0.7672	0.5231
28	D	0.7595	0.5979
29	S	0.7595	0.6714
30	A	0.7755	0.7513
31	A	0.7799	0.7952
32	A	0.7799	0.8139
33	A	0.7595	0.8096
34	S	0.7595	0.8066
35	H	0.7415	0.7917
36	A	0.7289	0.7780
37	I	0.5707	0.5857
38	K	0.5758	0.5379
39	K	0.6043	0.5097
40	R	0.4652	0.4356
41	T	0.4901	0.4137
42	K	0.5017	0.3871
43	A	0.5139	0.3559
44	S	0.5254	0.3183
45	R	0.4831	0.4401
46	A	0.4685	0.4312
47	C	0.3599	0.2963
48	D	0.3983	0.3640
49	Q	0.3460	0.2610
50	C	0.3460	0.2593
51	R	0.3392	0.2583
52	K	0.3529	0.2891
53	K	0.3566	0.3021
54	K	0.3631	0.3189
55	I	0.3392	0.2964
56	K	0.2129	0.1478
57	C	0.2224	0.1507
58	D	0.3529	0.3194
59	Y	0.2364	0.1828
60	K	0.2364	0.1709
61	D	0.3667	0.3277
62	E	0.3631	0.3118
63	K	0.3667	0.3112
64	G	0.3740	0.3171
65	V	0.3872	0.3382
66	C	0.3117	0.1743
67	S	0.3117	0.1692
68	N	0.3631	0.2663
69	C	0.3704	0.2784
70	Q	0.4409	0.4276
71	R	0.4087	0.3816
72	N	0.4330	0.4386
73	G	0.3840	0.3442
74	D	0.3807	0.3505
75	R	0.3948	0.3846
76	C	0.4220	0.4247
77	S	0.5901	0.3425
78	F	0.5854	0.4111
79	D	0.5758	0.4525
80	R	0.7289	0.5611
81	V	0.6227	0.5614
82	P	0.6043	0.5658
83	L	0.6089	0.5916
84	K	0.6089	0.5846
85	R	0.5951	0.5635
86	G	0.5758	0.5337
87	P	0.7415	0.6310
88	S	0.7799	0.6062
89	K	0.8596	0.5914
90	G	0.8493	0.5670
91	Y	0.8421	0.5353
92	T	0.8765	0.4473
93	R	0.8013	0.4303
94	S	0.8623	0.4048
95	T	0.8713	0.4087
96	S	0.8681	0.4352
97	H	0.8765	0.4606
98	P	0.8596	0.4576
99	R	0.8596	0.4515
100	T	0.8681	0.4412
101	N	0.8655	0.4415
102	E	0.8655	0.4831
103	I	0.8741	0.5656
104	Q	0.8623	0.5636
105	D	0.7916	0.5732
106	H	0.8013	0.6121
107	N	0.8125	0.6275
108	N	0.8013	0.6432
109	S	0.7799	0.6638
110	R	0.7755	0.6911
111	S	0.7799	0.7168
112	Y	0.7080	0.6972
113	N	0.7080	0.6901
114	T	0.7755	0.7344
115	F	0.7718	0.7461
116	D	0.7595	0.7068
117	N	0.7459	0.6655
118	S	0.7459	0.6425
119	N	0.7331	0.6062
120	N	0.7369	0.5788
121	T	0.7369	0.5555
122	L	0.7505	0.5415
123	N	0.8235	0.4865
124	N	0.7595	0.4573
125	N	0.7718	0.4364
126	T	0.8462	0.4145
127	G	0.8493	0.4275
128	N	0.8343	0.4361
129	S	0.7982	0.4608
130	G	0.8198	0.4914
131	D	0.8050	0.5139
132	N	0.8050	0.5270
133	G	0.8828	0.5679
134	I	0.8713	0.6131
135	N	0.8741	0.6218
136	S	0.8623	0.6273
137	N	0.8713	0.6334
138	T	0.8713	0.6387
139	V	0.8235	0.6382
140	P	0.7755	0.6214
141	S	0.7163	0.6068
142	T	0.7415	0.6392
143	P	0.7629	0.6759
144	S	0.7036	0.6621
145	R	0.7672	0.7374
146	S	0.7718	0.7724
147	N	0.7036	0.7485
148	S	0.6183	0.6954
149	V	0.6620	0.7811
150	L	0.7289	0.8675
151	L	0.6712	0.8243
152	P	0.6806	0.8334
153	P	0.6851	0.8377
154	L	0.5758	0.6987
155	T	0.6183	0.7551
156	Q	0.6482	0.7884
157	Y	0.6482	0.7844
158	I	0.5382	0.6206
159	P	0.5533	0.6318
160	Q	0.6183	0.7039
161	A	0.7250	0.8015
162	G	0.7629	0.8218
163	G	0.6531	0.7198
164	I	0.6375	0.7016
165	P	0.6991	0.7508
166	P	0.7036	0.7458
167	S	0.6576	0.6964
168	F	0.7718	0.7947
169	Q	0.8085	0.7998
170	N	0.7843	0.7707
171	P	0.7843	0.7624
172	A	0.7369	0.7212
173	I	0.7369	0.7149
174	Q	0.7547	0.7084
175	S	0.8343	0.7421
176	T	0.8198	0.7209
177	M	0.7036	0.6477
178	P	0.5854	0.5543
179	A	0.6851	0.6230
180	G	0.6089	0.5680
181	N	0.6375	0.5870
182	I	0.5176	0.4995
183	G	0.5533	0.5262
184	Q	0.6482	0.5967
185	Q	0.5342	0.5211
186	Q	0.5533	0.5475
187	F	0.5620	0.5709
188	W	0.6136	0.6246
189	K	0.5807	0.5921
190	V	0.5992	0.6124
191	P	0.5951	0.6138
192	Y	0.5758	0.5982
193	H	0.5665	0.5909
194	E	0.5854	0.6139
195	F	0.5577	0.5851
196	Q	0.4766	0.4869
197	H	0.4766	0.4851
198	Q	0.5533	0.5592
199	R	0.6991	0.6944
200	K	0.6136	0.6225
201	G	0.6712	0.6852
202	S	0.5620	0.5826
203	I	0.6620	0.7012
204	D	0.6482	0.6883
205	S	0.5533	0.5875
206	L	0.6661	0.7214
207	Q	0.6948	0.7515
208	S	0.6991	0.7549
209	D	0.6991	0.7585
210	I	0.7036	0.7587
211	S	0.6322	0.6748
212	V	0.6269	0.6572
213	R	0.5419	0.5539
214	T	0.6427	0.6340
215	L	0.6227	0.6026
216	N	0.5620	0.5334
217	P	0.6531	0.5771
218	N	0.6482	0.5550
219	E	0.6482	0.5380
220	Q	0.6712	0.5325
221	L	0.6661	0.5281
222	S	0.6712	0.5187
223	Y	0.7505	0.5310
224	N	0.7369	0.4984
225	T	0.7505	0.4886
226	V	0.8125	0.4856
227	Q	0.8162	0.4673
228	Q	0.8050	0.4492
229	S	0.7916	0.4378
230	P	0.7799	0.4280
231	I	0.7843	0.4079
232	T	0.8235	0.3633
233	N	0.8375	0.3357
234	K	0.9013	0.3006
235	H	0.8894	0.3016
236	T	0.8421	0.3087
237	N	0.8853	0.2906
238	D	0.8828	0.3032
239	S	0.8713	0.3113
240	G	0.8765	0.3146
241	N	0.8462	0.3234
242	A	0.8853	0.3365
243	N	0.8828	0.3573
244	G	0.8765	0.3846
245	S	0.8741	0.4056
246	V	0.8681	0.4244
247	T	0.8713	0.4174
248	G	0.7881	0.4360
249	S	0.6375	0.4511
250	G	0.6375	0.4698
251	S	0.5254	0.4653
252	A	0.4441	0.4412
253	S	0.4725	0.4630
254	G	0.4582	0.4580
255	S	0.4476	0.4516
256	G	0.4582	0.4673
257	G	0.4507	0.4631
258	Y	0.3872	0.3615
259	W	0.3667	0.3152
260	S	0.4017	0.3744
261	F	0.3983	0.3630
262	I	0.4220	0.4154
263	R	0.4652	0.5155
264	T	0.4801	0.5499
265	S	0.4864	0.5644
266	G	0.4979	0.5911
267	L	0.5098	0.6179
268	L	0.5139	0.6180
269	A	0.6043	0.7533
270	P	0.7369	0.8681
271	T	0.7547	0.8518
272	D	0.8375	0.8766
273	D	0.8894	0.8793
274	H	0.8792	0.8462
275	N	0.8162	0.7700
276	G	0.8565	0.7629
277	E	0.8462	0.7154
278	Q	0.8493	0.6901
279	T	0.8530	0.7025
280	R	0.8765	0.7551
281	R	0.8623	0.7813
282	S	0.8596	0.8064
283	S	0.8375	0.8140
284	S	0.8279	0.8284
285	I	0.8125	0.8392
286	P	0.7331	0.7997
287	S	0.6576	0.7452
288	L	0.5620	0.6447
289	L	0.5577	0.6466
290	R	0.5620	0.6511
291	N	0.5620	0.6442
292	T	0.5951	0.6889
293	S	0.6089	0.7067
294	N	0.5419	0.6157
295	S	0.5951	0.7053
296	L	0.7289	0.8712
297	L	0.7331	0.8812
298	L	0.7459	0.8858
299	G	0.8235	0.9167
300	G	0.8828	0.9302
301	Q	0.8713	0.9145
302	P	0.8681	0.9041
303	Q	0.8942	0.9042
304	L	0.9013	0.8946
305	P	0.8792	0.8509
306	P	0.8920	0.8168
307	P	0.9308	0.7703
308	Q	0.9606	0.6993
309	Q	0.9756	0.6388
310	Q	0.9577	0.6121
311	S	0.9593	0.5989
312	Q	0.9593	0.5833
313	P	0.9473	0.5728
314	Q	0.9473	0.5516
315	A	0.9717	0.5394
316	H	0.9362	0.5408
317	Q	0.8681	0.5248
318	Q	0.8343	0.5343
319	K	0.7505	0.5471
320	L	0.7331	0.5671
321	Q	0.7369	0.5678
322	Q	0.6427	0.5397
323	G	0.6269	0.5485
324	Q	0.5951	0.5391
325	N	0.5992	0.5567
326	L	0.6322	0.5949
327	Y	0.6620	0.6244
328	S	0.5620	0.5466
329	Y	0.5665	0.5517
330	S	0.6183	0.5884
331	Q	0.6906	0.6364
332	F	0.5951	0.5725
333	S	0.5807	0.5515
334	Q	0.5707	0.5338
335	Q	0.4766	0.4669
336	Q	0.4685	0.4615
337	P	0.5382	0.5137
338	Y	0.5342	0.5197
339	N	0.5176	0.5149
340	P	0.5854	0.5966
341	S	0.6043	0.6366
342	I	0.5992	0.6521
343	S	0.6043	0.6767
344	S	0.6269	0.7377
345	F	0.6136	0.7498
346	G	0.6089	0.7579
347	Q	0.6089	0.7675
348	F	0.5665	0.7108
349	A	0.6576	0.8403
350	A	0.5758	0.7206
351	N	0.5176	0.6083
352	G	0.5176	0.6038
353	F	0.6136	0.7555
354	H	0.5992	0.7158
355	S	0.5854	0.6715
356	R	0.6851	0.7614
357	Q	0.7289	0.7710
358	G	0.7120	0.7282
359	S	0.7881	0.7564
360	V	0.8375	0.7756
361	A	0.8421	0.7695
362	S	0.8235	0.7622
363	E	0.7415	0.7253
364	A	0.8235	0.8054
365	M	0.8050	0.8197
366	S	0.8085	0.8380
367	P	0.7982	0.8472
368	S	0.7916	0.8580
369	A	0.8013	0.8766
370	P	0.8375	0.9058
371	A	0.8421	0.9145
372	M	0.8681	0.9276
373	F	0.8235	0.8964
374	T	0.7951	0.8491
375	S	0.8198	0.8322
376	T	0.8375	0.8069
377	S	0.8421	0.7785
378	T	0.8085	0.7205
379	N	0.8279	0.7020
380	P	0.8713	0.7009
381	V	0.8462	0.6565
382	N	0.8623	0.6218
383	V	0.8741	0.5950
384	A	0.9269	0.5839
385	Q	0.8966	0.5745
386	Q	0.9211	0.5905
387	T	0.9230	0.6000
388	Q	0.8792	0.6331
389	R	0.8765	0.6815
390	P	0.8655	0.7121
391	Q	0.8375	0.7173
392	G	0.8421	0.7696
393	Q	0.8462	0.8221
394	Q	0.8894	0.8873
395	V	0.9081	0.9273
396	P	0.9013	0.9406
397	Q	0.9057	0.9531
398	F	0.9151	0.9659
399	S	0.9151	0.9628
400	S	0.9057	0.9557
401	E	0.8713	0.9426
402	L	0.8894	0.9507
403	D	0.8530	0.9284
404	G	0.8375	0.9071
405	N	0.7843	0.8645
406	K	0.8279	0.8830
407	R	0.7369	0.8310
408	R	0.7250	0.8329
409	Q	0.8013	0.8951
410	S	0.8162	0.9222
411	A	0.8343	0.9458
412	P	0.7718	0.9311
413	V	0.8313	0.9642
414	S	0.8162	0.9648
415	V	0.8198	0.9708
416	T	0.8198	0.9706
417	L	0.8313	0.9733
418	S	0.8313	0.9641
419	T	0.8279	0.9501
420	D	0.8235	0.9337
421	R	0.8375	0.9169
422	L	0.7951	0.8682
423	N	0.7718	0.7950
424	G	0.8279	0.7692
425	N	0.8421	0.7054
426	E	0.8894	0.6436
427	N	0.8920	0.5762
428	N	0.9211	0.5142
429	N	0.9287	0.4898
430	G	0.9362	0.4710
431	E	0.9249	0.4433
432	I	0.9190	0.4308
433	N	0.9433	0.3591
434	N	0.9362	0.3372
435	N	0.9308	0.3213
436	N	0.9308	0.3137
437	G	0.9230	0.3082
438	S	0.9151	0.2972
439	N	0.9151	0.2799
440	N	0.9151	0.2841
441	S	0.9106	0.2937
442	G	0.9106	0.3047
443	S	0.9473	0.2974
444	S	0.9396	0.3280
445	K	0.9081	0.3840
446	D	0.8991	0.4251
447	T	0.8894	0.4575
448	S	0.9081	0.5012
449	Q	0.8991	0.5607
450	H	0.8792	0.6307
451	S	0.8162	0.6641
452	Q	0.8343	0.7213
453	E	0.8125	0.7590
454	S	0.8125	0.8122
455	V	0.8125	0.8566
456	T	0.8462	0.8931
457	T	0.8343	0.9050
458	P	0.8343	0.9238
459	A	0.8343	0.9351
460	A	0.8530	0.9460
461	L	0.8493	0.9407
462	E	0.8596	0.9285
463	A	0.8421	0.9042
464	S	0.8279	0.8608
465	S	0.8279	0.8094
466	P	0.8655	0.7652
467	G	0.8713	0.7118
468	S	0.8765	0.6510
469	T	0.8493	0.5635
470	P	0.8623	0.5051
471	Q	0.8085	0.4730
472	R	0.8125	0.4819
473	S	0.7951	0.5044
474	T	0.8085	0.5228
475	K	0.8085	0.5613
476	K	0.8125	0.5970
477	R	0.7799	0.6140
478	R	0.8085	0.6460
479	K	0.8085	0.6452
480	S	0.8162	0.6594
481	Y	0.7951	0.6515
482	V	0.7799	0.6126
483	S	0.7629	0.5411
484	K	0.6806	0.4812
485	K	0.6755	0.4518
486	T	0.5807	0.4329
487	K	0.5854	0.4237
488	P	0.5707	0.4188
489	K	0.5577	0.4166
490	R	0.5707	0.4167
491	D	0.5707	0.4127
492	S	0.6269	0.4003
493	S	0.7080	0.4008
494	I	0.7459	0.4286
495	S	0.7209	0.4487
496	I	0.7250	0.4627
497	T	0.7250	0.4494
498	S	0.7250	0.4384
499	K	0.6755	0.4257
500	D	0.6806	0.4129
501	S	0.5707	0.4169
502	A	0.5342	0.4206
503	H	0.4619	0.4300
504	P	0.4652	0.4287
505	M	0.5577	0.4127
506	T	0.4831	0.4224
507	T	0.5577	0.4039
508	S	0.5665	0.4069
509	S	0.5139	0.4204
510	T	0.5254	0.4226
511	I	0.4476	0.4332
512	A	0.3807	0.4325
513	Y	0.4119	0.4326
514	G	0.4017	0.4327
515	Q	0.3053	0.4278
516	I	0.2609	0.4210
517	S	0.2715	0.4145
518	D	0.1852	0.3935
519	V	0.1349	0.3754
520	D	0.1449	0.3748
521	L	0.1092	0.3666
522	I	0.1643	0.3916
523	D	0.1137	0.4013
524	T	0.1914	0.4216
525	Y	0.1323	0.4239
526	Y	0.0835	0.4181
527	E	0.1476	0.3895
528	F	0.1048	0.3420
529	I	0.1092	0.2985
530	H	0.1399	0.2703
531	V	0.1349	0.2336
532	G	0.1852	0.2355
533	F	0.1823	0.2091
534	P	0.1759	0.1834
535	I	0.1702	0.1594
536	I	0.2399	0.2029
537	P	0.2364	0.1926
538	L	0.1611	0.1251
539	N	0.1759	0.1318
540	K	0.1852	0.1345
541	T	0.1881	0.1341
542	T	0.2328	0.1697
543	L	0.2399	0.1728
544	T	0.3599	0.3219
545	S	0.2503	0.1804
546	D	0.3149	0.2542
547	L	0.3948	0.3723
548	L	0.2849	0.2023
549	L	0.3566	0.3005
550	V	0.3566	0.2980
551	N	0.3019	0.2125
552	T	0.3149	0.2283
553	Q	0.3117	0.2209
554	P	0.3053	0.2113
555	I	0.2503	0.1409
556	S	0.1823	0.0848
557	N	0.1206	0.0530
558	I	0.1048	0.0498
559	H	0.0870	0.0506
560	E	0.1349	0.0815
561	V	0.1914	0.1272
562	N	0.1759	0.1275
563	S	0.1162	0.1018
564	Y	0.1162	0.1160
565	V	0.0592	0.0995
566	I	0.0592	0.1181
567	L	0.0398	0.1314
568	W	0.0380	0.1564
569	F	0.0405	0.1773
570	R	0.0320	0.1871
571	N	0.0184	0.1963
572	S	0.0244	0.2168
573	L	0.0240	0.2309
574	E	0.0240	0.2451
575	L	0.0454	0.2700
576	L	0.0646	0.2908
577	V	0.1007	0.3081
578	R	0.1476	0.3222
579	V	0.1323	0.3217
580	A	0.1229	0.3378
581	L	0.1251	0.3543
582	K	0.1251	0.3625
583	Q	0.0734	0.3686
584	K	0.0765	0.3923
585	P	0.0704	0.4180
586	G	0.0734	0.4262
587	G	0.0967	0.3965
588	K	0.0817	0.3542
589	F	0.0765	0.3133
590	F	0.1349	0.3133
591	D	0.1528	0.3209
592	N	0.2399	0.3544
593	I	0.2541	0.3568
594	V	0.2575	0.3620
595	G	0.2752	0.3783
596	V	0.2399	0.3800
597	A	0.2034	0.3884
598	L	0.2002	0.4144
599	S	0.1070	0.4191
600	P	0.2002	0.3940
601	S	0.3149	0.3998
602	N	0.2645	0.3738
603	D	0.2541	0.3580
604	N	0.3087	0.3736
605	N	0.3807	0.4071
606	K	0.3910	0.4122
607	A	0.4766	0.4082
608	G	0.4685	0.4131
609	F	0.5992	0.3497
610	T	0.5992	0.3474
611	T	0.5665	0.3612
612	A	0.5758	0.3565
613	T	0.5577	0.3644
614	A	0.5577	0.3641
615	R	0.5342	0.3746
616	D	0.5176	0.3834
617	D	0.5419	0.3679
618	A	0.6136	0.3245
619	E	0.5176	0.3781
620	K	0.6948	0.2731
621	T	0.7036	0.2740
622	R	0.7036	0.2806
623	R	0.6375	0.3230
624	D	0.6531	0.3238
625	S	0.6089	0.3521
626	H	0.6183	0.3572
627	N	0.5992	0.3665
628	E	0.5055	0.4060
629	V	0.4292	0.4335
630	Q	0.3182	0.4110
631	D	0.2951	0.4180
632	T	0.2575	0.4287
633	L	0.1731	0.4156
634	E	0.1852	0.4033
635	V	0.1914	0.3898
636	Q	0.1424	0.3677
637	S	0.0734	0.3334
638	V	0.0704	0.3082
639	F	0.0618	0.2948
640	I	0.0568	0.3087
641	A	0.0349	0.3316
642	A	0.0349	0.3694
643	L	0.0202	0.4172
644	N	0.0349	0.3941
645	E	0.0380	0.3551
646	C	0.0581	0.3199
647	F	0.0275	0.2691
648	Q	0.0281	0.2257
649	K	0.0483	0.1999
650	I	0.1048	0.2057
651	V	0.1852	0.2405
652	D	0.2224	0.2600
653	I	0.2645	0.2865
654	H	0.2680	0.2851
655	P	0.2503	0.2643
656	K	0.2645	0.2675
657	F	0.3215	0.3149
658	R	0.3566	0.3463
659	E	0.3392	0.3201
660	N	0.2849	0.2453
661	N	0.2884	0.2304
662	D	0.2752	0.1966
663	Q	0.1881	0.0935
664	I	0.2680	0.1479
665	S	0.2715	0.1375
666	P	0.1449	0.0352
667	K	0.0929	0.0153
668	I	0.1115	0.0140
669	K	0.0690	0.0062
670	V	0.0676	0.0046
671	I	0.0364	0.0025
672	Y	0.0205	0.0018
673	L	0.0130	0.0015
674	S	0.0107	0.0014
675	T	0.0096	0.0014
676	F	0.0079	0.0013
677	I	0.0071	0.0013
678	L	0.0056	0.0014
679	L	0.0074	0.0019
680	N	0.0080	0.0025
681	Y	0.0097	0.0034
682	I	0.0089	0.0043
683	L	0.0093	0.0056
684	A	0.0093	0.0075
685	F	0.0094	0.0097
686	V	0.0082	0.0129
687	G	0.0120	0.0193
688	Y	0.0133	0.0261
689	D	0.0202	0.0354
690	N	0.0198	0.0415
691	S	0.0107	0.0433
692	F	0.0171	0.0495
693	V	0.0300	0.0597
694	L	0.0248	0.0633
695	G	0.0287	0.0678
696	M	0.0334	0.0715
697	S	0.0300	0.0706
698	V	0.0287	0.0675
699	T	0.0287	0.0666
700	I	0.0171	0.0614
701	F	0.0108	0.0615
702	N	0.0073	0.0631
703	E	0.0125	0.0689
704	F	0.0188	0.0739
705	K	0.0356	0.0837
706	L	0.0380	0.0934
707	Y	0.0275	0.0986
708	K	0.0306	0.1086
709	L	0.0506	0.1345
710	L	0.0313	0.1455
711	L	0.0518	0.1733
712	F	0.1206	0.2240
713	P	0.1323	0.2450
714	E	0.0780	0.2354
715	P	0.1554	0.2886
716	D	0.1759	0.3145
717	I	0.2715	0.3650
718	N	0.2849	0.3799
719	D	0.2849	0.3918
720	V	0.3704	0.4191
721	K	0.4541	0.4283
722	P	0.5577	0.4120
723	P	0.7120	0.4005
724	V	0.6906	0.4129
725	D	0.6712	0.4180
726	E	0.6269	0.4200
727	E	0.6183	0.4157
728	V	0.7289	0.3916
729	S	0.7331	0.3687
730	T	0.5577	0.3976
731	G	0.6755	0.3537
732	N	0.5577	0.3866
733	G	0.5211	0.3961
734	N	0.4831	0.4094
735	T	0.5901	0.3582
736	K	0.5620	0.3689
737	T	0.5055	0.3976
738	S	0.4831	0.4095
739	E	0.5707	0.3770
740	F	0.5342	0.3998
741	E	0.5419	0.4020
742	I	0.5758	0.3969
743	G	0.5533	0.4046
744	S	0.5707	0.4007
745	E	0.5493	0.4062
746	S	0.5807	0.3976
747	A	0.6043	0.3898
748	G	0.5854	0.3893
749	H	0.5493	0.3998
750	M	0.5419	0.4016
751	N	0.7250	0.3371
752	P	0.7163	0.3325
753	S	0.7163	0.3318
754	N	0.7120	0.3342
755	S	0.7163	0.3411
756	P	0.5758	0.3929
757	N	0.5758	0.3995
758	S	0.5342	0.4177
759	M	0.4441	0.4332
760	D	0.3286	0.4289
761	E	0.3599	0.4262
762	N	0.3460	0.4177
763	I	0.2364	0.3755
764	S	0.1643	0.3343
765	H	0.1070	0.2862
766	Y	0.0676	0.2439
767	S	0.0334	0.2102
768	V	0.0300	0.1898
769	L	0.0209	0.1766
770	F	0.0141	0.1759
771	K	0.0143	0.1839
772	R	0.0127	0.1859
773	L	0.0087	0.1858
774	Y	0.0133	0.2048
775	V	0.0133	0.2249
776	L	0.0094	0.2608
777	L	0.0119	0.3140
778	S	0.0080	0.3742
779	V	0.0101	0.4317
780	F	0.0148	0.3695
781	D	0.0341	0.3190
782	S	0.0341	0.2747
783	L	0.0214	0.2333
784	Q	0.0214	0.1972
785	S	0.0380	0.1778
786	C	0.0334	0.1536
787	A	0.0531	0.1516
788	F	0.0506	0.1393
789	G	0.0568	0.1304
790	G	0.0851	0.1324
791	P	0.1554	0.1644
792	K	0.1501	0.1506
793	L	0.1702	0.1556
794	L	0.2470	0.2087
795	N	0.1424	0.1149
796	I	0.0765	0.0722
797	S	0.1206	0.0880
798	I	0.1501	0.0982
799	Q	0.2645	0.1918
800	G	0.1881	0.1222
801	S	0.1881	0.1236
802	T	0.1583	0.1050
803	E	0.1583	0.1088
804	R	0.1373	0.1009
805	F	0.1298	0.1008
806	F	0.0765	0.0798
807	S	0.1424	0.1214
808	N	0.1528	0.1337
809	D	0.2258	0.1963
810	L	0.2258	0.1996
811	G	0.1554	0.1486
812	S	0.1611	0.1571
813	K	0.1007	0.1266
814	W	0.0888	0.1267
815	C	0.0851	0.1290
816	L	0.1115	0.1549
817	E	0.1298	0.1781
818	Q	0.1373	0.1956
819	S	0.1251	0.2029
820	Q	0.0690	0.1954
821	L	0.1092	0.2423
822	R	0.0646	0.2479
823	L	0.0646	0.2744
824	K	0.0749	0.2932
825	S	0.0835	0.3185
826	V	0.1162	0.3674
827	L	0.1702	0.4021
828	Q	0.1702	0.4162
829	S	0.0985	0.4293
830	L	0.1048	0.4047
831	K	0.1007	0.3995
832	L	0.1643	0.4047
833	G	0.1643	0.4117
834	E	0.1501	0.4178
835	L	0.1476	0.4200
836	M	0.1251	0.4233
837	S	0.1852	0.4131
838	E	0.2645	0.4030
839	L	0.2680	0.3908
840	T	0.2783	0.3753
841	R	0.3599	0.3980
842	N	0.3910	0.4106
843	R	0.4801	0.4004
844	I	0.3599	0.3848
845	S	0.3529	0.3777
846	M	0.3460	0.3697
847	N	0.3840	0.3941
848	G	0.4017	0.4080
849	N	0.3774	0.3843
850	R	0.4619	0.4025
851	K	0.4507	0.4131
852	P	0.3599	0.3641
853	G	0.2645	0.2753
854	F	0.2541	0.2638
855	D	0.3667	0.3661
856	I	0.2884	0.2865
857	T	0.2541	0.2551
858	N	0.2609	0.2667
859	S	0.2680	0.2790
860	S	0.2645	0.2816
861	S	0.2918	0.3102
862	L	0.2094	0.2573
863	L	0.1759	0.2434
864	S	0.1251	0.2203
865	E	0.1942	0.2672
866	Y	0.1914	0.2710
867	V	0.2064	0.2826
868	E	0.1137	0.2341
869	T	0.0592	0.1983
870	Q	0.0618	0.1897
871	P	0.0389	0.1728
872	L	0.0253	0.1583
873	S	0.0248	0.1434
874	V	0.0433	0.1393
875	A	0.0454	0.1276
876	Q	0.0405	0.1143
877	L	0.0749	0.1203
878	F	0.0592	0.0999
879	C	0.0306	0.0707
880	K	0.0320	0.0647
881	L	0.0184	0.0520
882	L	0.0107	0.0403
883	I	0.0109	0.0310
884	G	0.0109	0.0246
885	K	0.0105	0.0191
886	H	0.0089	0.0153
887	N	0.0091	0.0126
888	F	0.0125	0.0109
889	I	0.0244	0.0110
890	N	0.0356	0.0118
891	C	0.0364	0.0108
892	L	0.0398	0.0107
893	L	0.0389	0.0109
894	S	0.0662	0.0161
895	L	0.0719	0.0192
896	Y	0.0433	0.0169
897	D	0.0454	0.0194
898	S	0.0253	0.0173
899	E	0.0555	0.0250
900	A	0.0581	0.0263
901	G	0.0518	0.0263
902	V	0.0888	0.0385
903	Y	0.1373	0.0615
904	S	0.1298	0.0584
905	D	0.1092	0.0491
906	L	0.1791	0.0833
907	T	0.2541	0.1458
908	L	0.1643	0.0732
909	D	0.1028	0.0446
910	L	0.0909	0.0388
911	S	0.0662	0.0323
912	S	0.0364	0.0247
913	K	0.0531	0.0280
914	I	0.0494	0.0256
915	A	0.0287	0.0220
916	D	0.0168	0.0218
917	S	0.0275	0.0259
918	L	0.0184	0.0259
919	C	0.0184	0.0289
920	S	0.0174	0.0356
921	L	0.0174	0.0466
922	I	0.0113	0.0557
923	S	0.0086	0.0732
924	I	0.0088	0.0977
925	I	0.0091	0.1357
926	L	0.0107	0.1775
927	Q	0.0113	0.2156
928	V	0.0119	0.2584
929	L	0.0191	0.3002
930	T	0.0313	0.3371
931	L	0.0188	0.3524
932	I	0.0327	0.3660
933	L	0.0294	0.3952
934	R	0.0327	0.4022
935	L	0.0334	0.4095
936	N	0.0631	0.4054
937	P	0.1251	0.4103
938	T	0.1399	0.4146
939	N	0.2034	0.4197
940	S	0.3149	0.4295
941	I	0.3392	0.4334
942	D	0.3840	0.4322
943	F	0.4901	0.4358
944	N	0.5992	0.4266
945	Y	0.6375	0.4167
946	R	0.7505	0.3872
947	P	0.6531	0.3909
948	P	0.6269	0.3856
949	N	0.6531	0.3695
950	P	0.6322	0.3693
951	P	0.6806	0.3450
952	A	0.7916	0.2958
953	N	0.7289	0.3080
954	N	0.8162	0.2858
955	P	0.8050	0.3153
956	T	0.8853	0.3190
957	V	0.8792	0.3545
958	Q	0.8792	0.3820
959	E	0.7843	0.4179
960	G	0.7289	0.4391
961	P	0.6851	0.4544
962	S	0.6620	0.4635
963	A	0.5951	0.4678
964	M	0.5707	0.4728
965	G	0.5176	0.4582
966	S	0.4476	0.4387
967	S	0.4766	0.4470
968	P	0.5854	0.4780
969	V	0.5665	0.4732
970	A	0.5665	0.4708
971	G	0.5665	0.4673
972	N	0.5456	0.4574
973	L	0.5901	0.4632
974	S	0.6576	0.4603
975	A	0.5577	0.4458
976	A	0.4619	0.4373
977	P	0.4619	0.4372
978	P	0.4619	0.4369
979	S	0.3494	0.4240
980	E	0.3356	0.4166
981	G	0.3704	0.4194
982	N	0.2918	0.3879
983	P	0.2783	0.3682
984	D	0.3704	0.4017
985	F	0.3910	0.4084
986	Y	0.4292	0.4332
987	K	0.4685	0.4598
988	K	0.4409	0.4412
989	L	0.3215	0.3594
990	L	0.2470	0.3162
991	G	0.2224	0.3185
992	L	0.2399	0.3399
993	K	0.1583	0.3290
994	Q	0.0909	0.3328
995	D	0.0870	0.3577
996	T	0.1611	0.3999
997	G	0.1611	0.4140
998	T	0.1028	0.4157
999	I	0.1048	0.4233
1000	L	0.1852	0.4310
1001	S	0.1671	0.4267
1002	D	0.1449	0.4111
1003	L	0.1424	0.3988
1004	C	0.1251	0.3824
1005	R	0.0719	0.3625
1006	G	0.0405	0.3462
1007	I	0.0405	0.3228
1008	I	0.0463	0.3021
1009	S	0.0306	0.2789
1010	P	0.0306	0.2589
1011	F	0.0543	0.2571
1012	A	0.0320	0.2541
1013	I	0.0306	0.2665
1014	A	0.0568	0.2905
1015	I	0.0568	0.3008
1016	L	0.0364	0.3103
1017	H	0.0364	0.3393
1018	E	0.0690	0.3899
1019	V	0.0967	0.4324
1020	Y	0.1162	0.4004
1021	N	0.1007	0.3552
1022	I	0.1731	0.3453
1023	T	0.1449	0.3211
1024	E	0.1528	0.3184
1025	L	0.1759	0.3219
1026	V	0.1881	0.3177
1027	K	0.2292	0.3352
1028	Q	0.2002	0.3314
1029	M	0.1852	0.3427
1030	P	0.2193	0.3622
1031	T	0.3117	0.3941
1032	S	0.3053	0.3959
1033	L	0.3948	0.4234
1034	I	0.4017	0.4246
1035	S	0.3948	0.4204
1036	I	0.4766	0.4133
1037	M	0.5577	0.3714
1038	M	0.5807	0.3464
1039	T	0.5707	0.3330
1040	A	0.6089	0.2853
1041	T	0.5620	0.3085
1042	T	0.5577	0.3032
1043	T	0.5707	0.2806
1044	Q	0.6806	0.1759
1045	N	0.6851	0.1699
1046	T	0.6089	0.2338
1047	Q	0.6712	0.1871
1048	D	0.6991	0.1751
1049	T	0.6427	0.2310
1050	K	0.6322	0.2576
1051	K	0.6851	0.2407
1052	S	0.6755	0.2688
1053	Q	0.6227	0.3235
1054	D	0.6375	0.3430
1055	L	0.6427	0.3697
1056	V	0.5493	0.4104
1057	M	0.4766	0.4298
1058	K	0.4766	0.4329
1059	L	0.3740	0.4302
1060	S	0.3740	0.4283
1061	N	0.3740	0.4268
1062	S	0.3182	0.4138
1063	M	0.2436	0.3878
1064	N	0.2364	0.3852
1065	E	0.1914	0.3665
1066	V	0.1791	0.3529
1067	V	0.2258	0.3614
1068	Q	0.2884	0.3814
1069	I	0.1942	0.3301
1070	T	0.2575	0.3503
1071	S	0.1791	0.2913
1072	V	0.0967	0.2140
1073	L	0.1092	0.1976
1074	T	0.1298	0.1955
1075	M	0.1349	0.1769
1076	I	0.0765	0.1294
1077	K	0.1162	0.1461
1078	P	0.1528	0.1614
1079	F	0.1731	0.1673
1080	K	0.1731	0.1700
1081	I	0.1424	0.1427
1082	F	0.1424	0.1456
1083	E	0.1298	0.1496
1084	H	0.1942	0.2038
1085	E	0.1942	0.2143
1086	L	0.2258	0.2496
1087	N	0.2292	0.2628
1088	K	0.2328	0.2694
1089	P	0.2002	0.2495
1090	I	0.3019	0.3282
1091	M	0.3117	0.3384
1092	S	0.3948	0.4079
1093	L	0.5139	0.4893
1094	T	0.5055	0.4763
1095	G	0.4409	0.4391
1096	G	0.3872	0.4130
1097	L	0.3667	0.4015
1098	S	0.3872	0.4121
1099	S	0.3872	0.4132
1100	T	0.3529	0.3995
1101	T	0.4409	0.4385
1102	R	0.4831	0.4572
1103	N	0.4864	0.4610
1104	D	0.4901	0.4686
1105	V	0.4901	0.4759
1106	M	0.5098	0.4961
1107	W	0.5055	0.4915
1108	P	0.6043	0.5525
1109	K	0.5342	0.4998
1110	S	0.4979	0.4775
1111	G	0.4901	0.4726
1112	Q	0.4901	0.4721
1113	G	0.4186	0.4262
1114	L	0.3392	0.3681
1115	R	0.3356	0.3658
1116	E	0.4149	0.4226
1117	S	0.4541	0.4518
1118	S	0.5665	0.5422
1119	V	0.5342	0.5240
1120	M	0.5382	0.5313
1121	K	0.5419	0.5293
1122	T	0.5456	0.5291
1123	L	0.5456	0.5250
1124	L	0.5854	0.5394
1125	D	0.6851	0.5567
1126	E	0.6906	0.5156
1127	R	0.6322	0.4656
1128	R	0.6806	0.4409
1129	T	0.6089	0.4256
1130	S	0.6620	0.4124
1131	G	0.6755	0.4099
1132	T	0.7036	0.4139
1133	Q	0.7163	0.4175
1134	P	0.8343	0.4267
1135	T	0.8920	0.4435
1136	T	0.8198	0.4863
1137	A	0.8162	0.5313
1138	P	0.8279	0.5648
1139	V	0.7629	0.5679
1140	A	0.7331	0.5637
1141	A	0.6375	0.5250
1142	E	0.6576	0.5276
1143	E	0.6712	0.5268
1144	P	0.5254	0.4722
1145	R	0.4292	0.4334
1146	L	0.4256	0.4316
1147	E	0.3426	0.3892
1148	N	0.3667	0.3992
1149	V	0.2328	0.3134
1150	A	0.2783	0.3343
1151	L	0.2258	0.2926
1152	E	0.1791	0.2546
1153	N	0.1759	0.2386
1154	F	0.1731	0.2192
1155	V	0.1424	0.1977
1156	S	0.1554	0.2101
1157	I	0.1528	0.2114
1158	G	0.1449	0.2083
1159	W	0.0765	0.1630
1160	K	0.0646	0.1577
1161	L	0.0581	0.1402
1162	L	0.0734	0.1393
1163	D	0.0506	0.1234
1164	D	0.0334	0.1103
1165	S	0.0555	0.1162
1166	E	0.0662	0.1151
1167	L	0.0473	0.0958
1168	G	0.0719	0.1002
1169	W	0.0463	0.0791
1170	Y	0.0985	0.1008
