0	Scer_1	4	4		1
1	Scer_1	3	4		1
2	Scer_1	2	4		1
3	Scer_1	1	4		1
4	Scer_1	0	0		1
5	Scer_1	1	3		1
6	Scer_1	2	3		1
7	Scer_1	3	3		1
8	Scer_2	7	7		2
9	Scer_2	6	7		2
10	Scer_2	5	7		2
11	Scer_2	4	7		2
12	Scer_2	3	7		2
13	Scer_2	2	7		2
14	Scer_2	1	7		2
15	Scer_2	0	0		2
16	Scer_2	1	18		2
17	Scer_2	2	18		2
18	Scer_2	3	18		2
19	Scer_2	4	18		2
20	Scer_2	5	18		2
21	Scer_2	6	18		2
22	Scer_2	7	18		2
23	Scer_2	8	18		2
24	Scer_2	9	18		2
25	Scer_2	10	18		2
26	Scer_2	11	18		2
27	Scer_2	12	18		2
28	Scer_2	13	18		2
29	Scer_2	14	18		2
30	Scer_2	15	18		2
31	Scer_2	16	18		2
32	Scer_2	17	18		2
33	Scer_2	18	18		2
34	Scer_3	3	3		3
35	Scer_3	2	3		3
36	Scer_3	1	3		3
37	Scer_3	0	0		3
38	Scer_3	1	6		3
39	Scer_3	2	6		3
40	Scer_3	3	6		3
41	Scer_3	4	6		3
42	Scer_3	5	6		3
43	Scer_3	6	6		3
44	Scer_4	14	14		4
45	Scer_4	13	14		4
46	Scer_4	12	14		4
47	Scer_4	11	14		4
48	Scer_4	10	14		4
49	Scer_4	9	14		4
50	Scer_4	8	14		4
51	Scer_4	7	14		4
52	Scer_4	6	14		4
53	Scer_4	5	14		4
54	Scer_4	4	14		4
55	Scer_4	3	14		4
56	Scer_4	2	14		4
57	Scer_4	1	14		4
58	Scer_4	0	0		4
59	Scer_4	1	33		4
60	Scer_4	2	33		4
61	Scer_4	3	33		4
62	Scer_4	4	33		4
63	Scer_4	5	33		4
64	Scer_4	6	33		4
65	Scer_4	7	33		4
66	Scer_4	8	33		4
67	Scer_4	9	33		4
68	Scer_4	10	33		4
69	Scer_4	11	33		4
70	Scer_4	12	33		4
71	Scer_4	13	33		4
72	Scer_4	14	33		4
73	Scer_4	15	33		4
74	Scer_4	16	33		4
75	Scer_4	17	33		4
76	Scer_4	18	33		4
77	Scer_4	19	33		4
78	Scer_4	20	33		4
79	Scer_4	21	33		4
80	Scer_4	22	33		4
81	Scer_4	23	33		4
82	Scer_4	24	33		4
83	Scer_4	25	33		4
84	Scer_4	26	33		4
85	Scer_4	27	33		4
86	Scer_4	28	33		4
87	Scer_4	29	33		4
88	Scer_4	30	33		4
89	Scer_4	31	33		4
90	Scer_4	32	33		4
91	Scer_4	33	33		4
92	Scer_5	4	4		5
93	Scer_5	3	4		5
94	Scer_5	2	4		5
95	Scer_5	1	4		5
96	Scer_5	0	0		5
97	Scer_5	1	14		5
98	Scer_5	2	14		5
99	Scer_5	3	14		5
100	Scer_5	4	14		5
101	Scer_5	5	14		5
102	Scer_5	6	14		5
103	Scer_5	7	14		5
104	Scer_5	8	14		5
105	Scer_5	9	14		5
106	Scer_5	10	14		5
107	Scer_5	11	14		5
108	Scer_5	12	14		5
109	Scer_5	13	14		5
110	Scer_5	14	14		5
111	Scer_6	4	4		6
112	Scer_6	3	4		6
113	Scer_6	2	4		6
114	Scer_6	1	4		6
115	Scer_6	0	0		6
116	Scer_6	1	4		6
117	Scer_6	2	4		6
118	Scer_6	3	4		6
119	Scer_6	4	4		6
120	Scer_7	15	15		7
121	Scer_7	14	15		7
122	Scer_7	13	15		7
123	Scer_7	12	15		7
124	Scer_7	11	15		7
125	Scer_7	10	15		7
126	Scer_7	9	15		7
127	Scer_7	8	15		7
128	Scer_7	7	15		7
129	Scer_7	6	15		7
130	Scer_7	5	15		7
131	Scer_7	4	15		7
132	Scer_7	3	15		7
133	Scer_7	2	15		7
134	Scer_7	1	15		7
135	Scer_7	0	0		7
136	Scer_7	1	19		7
137	Scer_7	2	19		7
138	Scer_7	3	19		7
139	Scer_7	4	19		7
140	Scer_7	5	19		7
141	Scer_7	6	19		7
142	Scer_7	7	19		7
143	Scer_7	8	19		7
144	Scer_7	9	19		7
145	Scer_7	10	19		7
146	Scer_7	11	19		7
147	Scer_7	12	19		7
148	Scer_7	13	19		7
149	Scer_7	14	19		7
150	Scer_7	15	19		7
151	Scer_7	16	19		7
152	Scer_7	17	19		7
153	Scer_7	18	19		7
154	Scer_7	19	19		7
155	Scer_8	3	3		8
156	Scer_8	2	3		8
157	Scer_8	1	3		8
158	Scer_8	0	0		8
159	Scer_8	1	14		8
160	Scer_8	2	14		8
161	Scer_8	3	14		8
162	Scer_8	4	14		8
163	Scer_8	5	14		8
164	Scer_8	6	14		8
165	Scer_8	7	14		8
166	Scer_8	8	14		8
167	Scer_8	9	14		8
168	Scer_8	10	14		8
169	Scer_8	11	14		8
170	Scer_8	12	14		8
171	Scer_8	13	14		8
172	Scer_8	14	14		8
173	Scer_9	11	11		9
174	Scer_9	10	11		9
175	Scer_9	9	11		9
176	Scer_9	8	11		9
177	Scer_9	7	11		9
178	Scer_9	6	11		9
179	Scer_9	5	11		9
180	Scer_9	4	11		9
181	Scer_9	3	11		9
182	Scer_9	2	11		9
183	Scer_9	1	11		9
184	Scer_9	0	0		9
185	Scer_9	1	2		9
186	Scer_9	2	2		9
187	Scer_10	13	13		10
188	Scer_10	12	13		10
189	Scer_10	11	13		10
190	Scer_10	10	13		10
191	Scer_10	9	13		10
192	Scer_10	8	13		10
193	Scer_10	7	13		10
194	Scer_10	6	13		10
195	Scer_10	5	13		10
196	Scer_10	4	13		10
197	Scer_10	3	13		10
198	Scer_10	2	13		10
199	Scer_10	1	13		10
200	Scer_10	0	0		10
201	Scer_10	1	10		10
202	Scer_10	2	10		10
203	Scer_10	3	10		10
204	Scer_10	4	10		10
205	Scer_10	5	10		10
206	Scer_10	6	10		10
207	Scer_10	7	10		10
208	Scer_10	8	10		10
209	Scer_10	9	10		10
210	Scer_10	10	10		10
211	Scer_11	13	13		11
212	Scer_11	12	13		11
213	Scer_11	11	13		11
214	Scer_11	10	13		11
215	Scer_11	9	13		11
216	Scer_11	8	13		11
217	Scer_11	7	13		11
218	Scer_11	6	13		11
219	Scer_11	5	13		11
220	Scer_11	4	13		11
221	Scer_11	3	13		11
222	Scer_11	2	13		11
223	Scer_11	1	13		11
224	Scer_11	0	0		11
225	Scer_11	1	7		11
226	Scer_11	2	7		11
227	Scer_11	3	7		11
228	Scer_11	4	7		11
229	Scer_11	5	7		11
230	Scer_11	6	7		11
231	Scer_11	7	7		11
232	Scer_12	4	4		12
233	Scer_12	3	4		12
234	Scer_12	2	4		12
235	Scer_12	1	4		12
236	Scer_12	0	0		12
237	Scer_12	1	29		12
238	Scer_12	2	29		12
239	Scer_12	3	29		12
240	Scer_12	4	29		12
241	Scer_12	5	29		12
242	Scer_12	6	29		12
243	Scer_12	7	29		12
244	Scer_12	8	29		12
245	Scer_12	9	29		12
246	Scer_12	10	29		12
247	Scer_12	11	29		12
248	Scer_12	12	29		12
249	Scer_12	13	29		12
250	Scer_12	14	29		12
251	Scer_12	15	29		12
252	Scer_12	16	29		12
253	Scer_12	17	29		12
254	Scer_12	18	29		12
255	Scer_12	19	29		12
256	Scer_12	20	29		12
257	Scer_12	21	29		12
258	Scer_12	22	29		12
259	Scer_12	23	29		12
260	Scer_12	24	29		12
261	Scer_12	25	29		12
262	Scer_12	26	29		12
263	Scer_12	27	29		12
264	Scer_12	28	29		12
265	Scer_12	29	29		12
266	Scer_13	8	8		13
267	Scer_13	7	8		13
268	Scer_13	6	8		13
269	Scer_13	5	8		13
270	Scer_13	4	8		13
271	Scer_13	3	8		13
272	Scer_13	2	8		13
273	Scer_13	1	8		13
274	Scer_13	0	0		13
275	Scer_13	1	20		13
276	Scer_13	2	20		13
277	Scer_13	3	20		13
278	Scer_13	4	20		13
279	Scer_13	5	20		13
280	Scer_13	6	20		13
281	Scer_13	7	20		13
282	Scer_13	8	20		13
283	Scer_13	9	20		13
284	Scer_13	10	20		13
285	Scer_13	11	20		13
286	Scer_13	12	20		13
287	Scer_13	13	20		13
288	Scer_13	14	20		13
289	Scer_13	15	20		13
290	Scer_13	16	20		13
291	Scer_13	17	20		13
292	Scer_13	18	20		13
293	Scer_13	19	20		13
294	Scer_13	20	20		13
295	Scer_14	19	19		14
296	Scer_14	18	19		14
297	Scer_14	17	19		14
298	Scer_14	16	19		14
299	Scer_14	15	19		14
300	Scer_14	14	19		14
301	Scer_14	13	19		14
302	Scer_14	12	19		14
303	Scer_14	11	19		14
304	Scer_14	10	19		14
305	Scer_14	9	19		14
306	Scer_14	8	19		14
307	Scer_14	7	19		14
308	Scer_14	6	19		14
309	Scer_14	5	19		14
310	Scer_14	4	19		14
311	Scer_14	3	19		14
312	Scer_14	2	19		14
313	Scer_14	1	19		14
314	Scer_14	0	0		14
315	Scer_14	1	5		14
316	Scer_14	2	5		14
317	Scer_14	3	5		14
318	Scer_14	4	5		14
319	Scer_14	5	5		14
320	Scer_15	10	10		15
321	Scer_15	9	10		15
322	Scer_15	8	10		15
323	Scer_15	7	10		15
324	Scer_15	6	10		15
325	Scer_15	5	10		15
326	Scer_15	4	10		15
327	Scer_15	3	10		15
328	Scer_15	2	10		15
329	Scer_15	1	10		15
330	Scer_15	0	0		15
331	Scer_15	1	24		15
332	Scer_15	2	24		15
333	Scer_15	3	24		15
334	Scer_15	4	24		15
335	Scer_15	5	24		15
336	Scer_15	6	24		15
337	Scer_15	7	24		15
338	Scer_15	8	24		15
339	Scer_15	9	24		15
340	Scer_15	10	24		15
341	Scer_15	11	24		15
342	Scer_15	12	24		15
343	Scer_15	13	24		15
344	Scer_15	14	24		15
345	Scer_15	15	24		15
346	Scer_15	16	24		15
347	Scer_15	17	24		15
348	Scer_15	18	24		15
349	Scer_15	19	24		15
350	Scer_15	20	24		15
351	Scer_15	21	24		15
352	Scer_15	22	24		15
353	Scer_15	23	24		15
354	Scer_15	24	24		15
355	Scer_16	17	17		16
356	Scer_16	16	17		16
357	Scer_16	15	17		16
358	Scer_16	14	17		16
359	Scer_16	13	17		16
360	Scer_16	12	17		16
361	Scer_16	11	17		16
362	Scer_16	10	17		16
363	Scer_16	9	17		16
364	Scer_16	8	17		16
365	Scer_16	7	17		16
366	Scer_16	6	17		16
367	Scer_16	5	17		16
368	Scer_16	4	17		16
369	Scer_16	3	17		16
370	Scer_16	2	17		16
371	Scer_16	1	17		16
372	Scer_16	0	0		16
373	Scer_16	1	12		16
374	Scer_16	2	12		16
375	Scer_16	3	12		16
376	Scer_16	4	12		16
377	Scer_16	5	12		16
378	Scer_16	6	12		16
379	Scer_16	7	12		16
380	Scer_16	8	12		16
381	Scer_16	9	12		16
382	Scer_16	10	12		16
383	Scer_16	11	12		16
384	Scer_16	12	12		16
385	Sbay_1	4	4		1
386	Sbay_1	3	4		1
387	Sbay_1	2	4		1
388	Sbay_1	1	4		1
389	Sbay_1	0	0		1
390	Sbay_1	1	1		1
391	Sbay_2	7	7		2
392	Sbay_2	6	7		2
393	Sbay_2	5	7		2
394	Sbay_2	4	7		2
395	Sbay_2	3	7		2
396	Sbay_2	2	7		2
397	Sbay_2	1	7		2
398	Sbay_2	0	0		2
399	Sbay_2	1	33		2
400	Sbay_2	2	33		2
401	Sbay_2	3	33		2
402	Sbay_2	4	33		2
403	Sbay_2	5	33		2
404	Sbay_2	6	33		2
405	Sbay_2	7	33		2
406	Sbay_2	8	33		2
407	Sbay_2	9	33		2
408	Sbay_2	10	33		2
409	Sbay_2	11	33		2
410	Sbay_2	12	33		2
411	Sbay_2	13	33		2
412	Sbay_2	14	33		2
413	Sbay_2	15	33		2
414	Sbay_2	16	33		2
415	Sbay_2	17	33		2
416	Sbay_2	18	33		2
417	Sbay_2	19	33		2
418	Sbay_2	20	33		2
419	Sbay_2	21	33		2
420	Sbay_2	22	33		2
421	Sbay_2	23	33		2
422	Sbay_2	24	33		2
423	Sbay_2	25	33		2
424	Sbay_2	26	33		2
425	Sbay_2	27	33		2
426	Sbay_2	28	33		2
427	Sbay_2	29	33		2
428	Sbay_2	30	33		2
429	Sbay_2	31	33		2
430	Sbay_2	32	33		2
431	Sbay_2	33	33		2
432	Sbay_3	3	3		3
433	Sbay_3	2	3		3
434	Sbay_3	1	3		3
435	Sbay_3	0	0		3
436	Sbay_3	1	6		3
437	Sbay_3	2	6		3
438	Sbay_3	3	6		3
439	Sbay_3	4	6		3
440	Sbay_3	5	6		3
441	Sbay_3	6	6		3
442	Sbay_4	13	13		4
443	Sbay_4	12	13		4
444	Sbay_4	11	13		4
445	Sbay_4	10	13		4
446	Sbay_4	9	13		4
447	Sbay_4	8	13		4
448	Sbay_4	7	13		4
449	Sbay_4	6	13		4
450	Sbay_4	5	13		4
451	Sbay_4	4	13		4
452	Sbay_4	3	13		4
453	Sbay_4	2	13		4
454	Sbay_4	1	13		4
455	Sbay_4	0	0		4
456	Sbay_4	1	17		4
457	Sbay_4	2	17		4
458	Sbay_4	3	17		4
459	Sbay_4	4	17		4
460	Sbay_4	5	17		4
461	Sbay_4	6	17		4
462	Sbay_4	7	17		4
463	Sbay_4	8	17		4
464	Sbay_4	9	17		4
465	Sbay_4	10	17		4
466	Sbay_4	11	17		4
467	Sbay_4	12	17		4
468	Sbay_4	13	17		4
469	Sbay_4	14	17		4
470	Sbay_4	15	17		4
471	Sbay_4	16	17		4
472	Sbay_4	17	17		4
473	Sbay_5	3	3		5
474	Sbay_5	2	3		5
475	Sbay_5	1	3		5
476	Sbay_5	0	0		5
477	Sbay_5	1	13		5
478	Sbay_5	2	13		5
479	Sbay_5	3	13		5
480	Sbay_5	4	13		5
481	Sbay_5	5	13		5
482	Sbay_5	6	13		5
483	Sbay_5	7	13		5
484	Sbay_5	8	13		5
485	Sbay_5	9	13		5
486	Sbay_5	10	13		5
487	Sbay_5	11	13		5
488	Sbay_5	12	13		5
489	Sbay_5	13	13		5
490	Sbay_6	3	3		6
491	Sbay_6	2	3		6
492	Sbay_6	1	3		6
493	Sbay_6	0	0		6
494	Sbay_6	1	13		6
495	Sbay_6	2	13		6
496	Sbay_6	3	13		6
497	Sbay_6	4	13		6
498	Sbay_6	5	13		6
499	Sbay_6	6	13		6
500	Sbay_6	7	13		6
501	Sbay_6	8	13		6
502	Sbay_6	9	13		6
503	Sbay_6	10	13		6
504	Sbay_6	11	13		6
505	Sbay_6	12	13		6
506	Sbay_6	13	13		6
507	Sbay_7	15	15		7
508	Sbay_7	14	15		7
509	Sbay_7	13	15		7
510	Sbay_7	12	15		7
511	Sbay_7	11	15		7
512	Sbay_7	10	15		7
513	Sbay_7	9	15		7
514	Sbay_7	8	15		7
515	Sbay_7	7	15		7
516	Sbay_7	6	15		7
517	Sbay_7	5	15		7
518	Sbay_7	4	15		7
519	Sbay_7	3	15		7
520	Sbay_7	2	15		7
521	Sbay_7	1	15		7
522	Sbay_7	0	0		7
523	Sbay_7	1	17		7
524	Sbay_7	2	17		7
525	Sbay_7	3	17		7
526	Sbay_7	4	17		7
527	Sbay_7	5	17		7
528	Sbay_7	6	17		7
529	Sbay_7	7	17		7
530	Sbay_7	8	17		7
531	Sbay_7	9	17		7
532	Sbay_7	10	17		7
533	Sbay_7	11	17		7
534	Sbay_7	12	17		7
535	Sbay_7	13	17		7
536	Sbay_7	14	17		7
537	Sbay_7	15	17		7
538	Sbay_7	16	17		7
539	Sbay_7	17	17		7
540	Sbay_8	3	3		8
541	Sbay_8	2	3		8
542	Sbay_8	1	3		8
543	Sbay_8	0	0		8
544	Sbay_8	1	22		8
545	Sbay_8	2	22		8
546	Sbay_8	3	22		8
547	Sbay_8	4	22		8
548	Sbay_8	5	22		8
549	Sbay_8	6	22		8
550	Sbay_8	7	22		8
551	Sbay_8	8	22		8
552	Sbay_8	9	22		8
553	Sbay_8	10	22		8
554	Sbay_8	11	22		8
555	Sbay_8	12	22		8
556	Sbay_8	13	22		8
557	Sbay_8	14	22		8
558	Sbay_8	15	22		8
559	Sbay_8	16	22		8
560	Sbay_8	17	22		8
561	Sbay_8	18	22		8
562	Sbay_8	19	22		8
563	Sbay_8	20	22		8
564	Sbay_8	21	22		8
565	Sbay_8	22	22		8
566	Sbay_9	10	10		9
567	Sbay_9	9	10		9
568	Sbay_9	8	10		9
569	Sbay_9	7	10		9
570	Sbay_9	6	10		9
571	Sbay_9	5	10		9
572	Sbay_9	4	10		9
573	Sbay_9	3	10		9
574	Sbay_9	2	10		9
575	Sbay_9	1	10		9
576	Sbay_9	0	0		9
577	Sbay_9	1	3		9
578	Sbay_9	2	3		9
579	Sbay_9	3	3		9
580	Sbay_10	4	4		10
581	Sbay_10	3	4		10
582	Sbay_10	2	4		10
583	Sbay_10	1	4		10
584	Sbay_10	0	0		10
585	Sbay_10	1	9		10
586	Sbay_10	2	9		10
587	Sbay_10	3	9		10
588	Sbay_10	4	9		10
589	Sbay_10	5	9		10
590	Sbay_10	6	9		10
591	Sbay_10	7	9		10
592	Sbay_10	8	9		10
593	Sbay_10	9	9		10
594	Sbay_11	13	13		11
595	Sbay_11	12	13		11
596	Sbay_11	11	13		11
597	Sbay_11	10	13		11
598	Sbay_11	9	13		11
599	Sbay_11	8	13		11
600	Sbay_11	7	13		11
601	Sbay_11	6	13		11
602	Sbay_11	5	13		11
603	Sbay_11	4	13		11
604	Sbay_11	3	13		11
605	Sbay_11	2	13		11
606	Sbay_11	1	13		11
607	Sbay_11	0	0		11
608	Sbay_11	1	6		11
609	Sbay_11	2	6		11
610	Sbay_11	3	6		11
611	Sbay_11	4	6		11
612	Sbay_11	5	6		11
613	Sbay_11	6	6		11
614	Sbay_12	3	3		12
615	Sbay_12	2	3		12
616	Sbay_12	1	3		12
617	Sbay_12	0	0		12
618	Sbay_12	1	28		12
619	Sbay_12	2	28		12
620	Sbay_12	3	28		12
621	Sbay_12	4	28		12
622	Sbay_12	5	28		12
623	Sbay_12	6	28		12
624	Sbay_12	7	28		12
625	Sbay_12	8	28		12
626	Sbay_12	9	28		12
627	Sbay_12	10	28		12
628	Sbay_12	11	28		12
629	Sbay_12	12	28		12
630	Sbay_12	13	28		12
631	Sbay_12	14	28		12
632	Sbay_12	15	28		12
633	Sbay_12	16	28		12
634	Sbay_12	17	28		12
635	Sbay_12	18	28		12
636	Sbay_12	19	28		12
637	Sbay_12	20	28		12
638	Sbay_12	21	28		12
639	Sbay_12	22	28		12
640	Sbay_12	23	28		12
641	Sbay_12	24	28		12
642	Sbay_12	25	28		12
643	Sbay_12	26	28		12
644	Sbay_12	27	28		12
645	Sbay_12	28	28		12
646	Sbay_13	8	8		13
647	Sbay_13	7	8		13
648	Sbay_13	6	8		13
649	Sbay_13	5	8		13
650	Sbay_13	4	8		13
651	Sbay_13	3	8		13
652	Sbay_13	2	8		13
653	Sbay_13	1	8		13
654	Sbay_13	0	0		13
655	Sbay_13	1	20		13
656	Sbay_13	2	20		13
657	Sbay_13	3	20		13
658	Sbay_13	4	20		13
659	Sbay_13	5	20		13
660	Sbay_13	6	20		13
661	Sbay_13	7	20		13
662	Sbay_13	8	20		13
663	Sbay_13	9	20		13
664	Sbay_13	10	20		13
665	Sbay_13	11	20		13
666	Sbay_13	12	20		13
667	Sbay_13	13	20		13
668	Sbay_13	14	20		13
669	Sbay_13	15	20		13
670	Sbay_13	16	20		13
671	Sbay_13	17	20		13
672	Sbay_13	18	20		13
673	Sbay_13	19	20		13
674	Sbay_13	20	20		13
675	Sbay_14	19	19		14
676	Sbay_14	18	19		14
677	Sbay_14	17	19		14
678	Sbay_14	16	19		14
679	Sbay_14	15	19		14
680	Sbay_14	14	19		14
681	Sbay_14	13	19		14
682	Sbay_14	12	19		14
683	Sbay_14	11	19		14
684	Sbay_14	10	19		14
685	Sbay_14	9	19		14
686	Sbay_14	8	19		14
687	Sbay_14	7	19		14
688	Sbay_14	6	19		14
689	Sbay_14	5	19		14
690	Sbay_14	4	19		14
691	Sbay_14	3	19		14
692	Sbay_14	2	19		14
693	Sbay_14	1	19		14
694	Sbay_14	0	0		14
695	Sbay_14	1	4		14
696	Sbay_14	2	4		14
697	Sbay_14	3	4		14
698	Sbay_14	4	4		14
699	Sbay_15	9	9		15
700	Sbay_15	8	9		15
701	Sbay_15	7	9		15
702	Sbay_15	6	9		15
703	Sbay_15	5	9		15
704	Sbay_15	4	9		15
705	Sbay_15	3	9		15
706	Sbay_15	2	9		15
707	Sbay_15	1	9		15
708	Sbay_15	0	0		15
709	Sbay_15	1	14		15
710	Sbay_15	2	14		15
711	Sbay_15	3	14		15
712	Sbay_15	4	14		15
713	Sbay_15	5	14		15
714	Sbay_15	6	14		15
715	Sbay_15	7	14		15
716	Sbay_15	8	14		15
717	Sbay_15	9	14		15
718	Sbay_15	10	14		15
719	Sbay_15	11	14		15
720	Sbay_15	12	14		15
721	Sbay_15	13	14		15
722	Sbay_15	14	14		15
723	Sbay_16	17	17		16
724	Sbay_16	16	17		16
725	Sbay_16	15	17		16
726	Sbay_16	14	17		16
727	Sbay_16	13	17		16
728	Sbay_16	12	17		16
729	Sbay_16	11	17		16
730	Sbay_16	10	17		16
731	Sbay_16	9	17		16
732	Sbay_16	8	17		16
733	Sbay_16	7	17		16
734	Sbay_16	6	17		16
735	Sbay_16	5	17		16
736	Sbay_16	4	17		16
737	Sbay_16	3	17		16
738	Sbay_16	2	17		16
739	Sbay_16	1	17		16
740	Sbay_16	0	0		16
741	Sbay_16	1	11		16
742	Sbay_16	2	11		16
743	Sbay_16	3	11		16
744	Sbay_16	4	11		16
745	Sbay_16	5	11		16
746	Sbay_16	6	11		16
747	Sbay_16	7	11		16
748	Sbay_16	8	11		16
749	Sbay_16	9	11		16
750	Sbay_16	10	11		16
751	Sbay_16	11	11		16
